
	Yokohama Race Z
	Position
	9/17/2013 7:40 PM
	Matt Kenseth
	Matt Kenseth
26.617 	34 	- 	26.983
3932 		168
	iPat
26.588 	34 	11.261 	27.198
4617 		-14
	Mezzy
26.643 	34 	13.192 	27.285
3814 		38
Position	Racer	Best Lap	Gap from Leader	# of Laps	Average Lap	RPM
4 	Nicholas Xu 	26.862 	19.132 	34 	27.509 	2950
5 	symphonic 	26.8 	21.895 	34 	27.53 	3826
6 	Xander 	26.794 	22.492 	34 	27.516 	3212
7 	Horse 	26.833 	23.180 	34 	27.586 	2537
8 	Cookie Monster 	27.038 	1L 	33 	28.051 	2361
9 	Salt Shaker 	27.647 	1L 	33 	28.343 	3011
10 	David Lau 	27.835 	2L 	32 	28.836 	1196

David Lau
1	28.872 [3]
2	29.586 [3]
3	30.219 [4]
4	28.961 [6]
5	29.295 [7]
6	28.486 [7]
7	29.654 [8]
8	29.916 [10]
9	28.636 [10]
10	29.082 [10]
11	28.499 [10]
12	28.899 [10]
13	29.209 [10]
14	28.252 [10]
15	28.486 [10]
16	28.819 [10]
17	28.407 [10]
18	29.043 [10]
19	27.835 [10]
20	28.217 [10]
21	29.7 [10]
22	28.091 [10]
23	28.139 [10]
24	28.167 [10]
25	30.538 [10]
26	28.286 [10]
27	28.508 [10]
28	28.957 [10]
29	30.013 [10]
30	27.871 [10]
31	28.269 [10]
32	27.843 [10]
33
34

symphonic
1	28.936 [6]
2	29.151 [7]
3	30.224 [7]
4	28.412 [7]
5	28.137 [6]
6	27.502 [6]
7	27.282 [6]
8	28.091 [6]
9	27.226 [6]
10	27.298 [6]
11	27.578 [6]
12	27.362 [6]
13	27.678 [6]
14	27.187 [6]
15	27.424 [6]
16	27.45 [6]
17	27.277 [6]
18	26.991 [6]
19	27.32 [6]
20	27.028 [6]
21	27.288 [6]
22	27.089 [6]
23	27.723 [5]
24	26.904 [5]
25	27.131 [5]
26	27.706 [5]
27	27.147 [5]
28	27.037 [5]
29	26.8 [5]
30	27.085 [5]
31	27.183 [5]
32	27.365 [5]
33	27.013 [5]
34	27.01 [5]

iPat
1	28.703 [7]
2	28.704 [6]
3	29.753 [5]
4	27.213 [4]
5	27.553 [3]
6	27.316 [3]
7	27.057 [3]
8	27.019 [3]
9	26.899 [3]
10	26.916 [3]
11	27.069 [3]
12	27.014 [3]
13	27.052 [3]
14	26.812 [3]
15	27.03 [3]
16	26.898 [3]
17	27.009 [3]
18	26.872 [3]
19	27.266 [2]
20	26.883 [2]
21	26.761 [2]
22	27.363 [2]
23	26.662 [2]
24	26.716 [2]
25	27.176 [2]
26	26.706 [2]
27	26.994 [2]
28	26.717 [2]
29	26.73 [2]
30	27.257 [2]
31	26.917 [2]
32	27.323 [2]
33	26.588 [2]
34	27.792 [2]

Matt Kenseth
1	28.575 [1]
2	27.239 [1]
3	27.233 [1]
4	27.227 [1]
5	27.138 [1]
6	27.144 [1]
7	27.103 [1]
8	27.12 [1]
9	27.05 [1]
10	27.159 [1]
11	27.063 [1]
12	27.06 [1]
13	27.014 [1]
14	26.991 [1]
15	27.064 [1]
16	26.877 [1]
17	27.117 [1]
18	26.784 [1]
19	26.753 [1]
20	26.798 [1]
21	26.992 [1]
22	26.79 [1]
23	26.822 [1]
24	26.801 [1]
25	26.734 [1]
26	26.804 [1]
27	26.933 [1]
28	26.756 [1]
29	26.721 [1]
30	26.793 [1]
31	26.744 [1]
32	26.734 [1]
33	26.684 [1]
34	26.617 [1]

Horse
1	28.942 [4]
2	29.307 [4]
3	29.218 [3]
4	27.784 [3]
5	28.504 [4]
6	27.445 [4]
7	28.168 [4]
8	28.281 [5]
9	27.351 [5]
10	27.521 [5]
11	27.714 [5]
12	27.349 [5]
13	27.427 [5]
14	27.41 [5]
15	27.354 [5]
16	27.184 [5]
17	27.211 [5]
18	27.356 [5]
19	27.2 [5]
20	27.249 [5]
21	27.14 [5]
22	27.339 [5]
23	28.184 [6]
24	27.435 [6]
25	27.036 [6]
26	27.88 [6]
27	26.853 [6]
28	27.294 [6]
29	28.07 [7]
30	26.937 [7]
31	26.971 [7]
32	26.833 [7]
33	27 [7]
34	26.973 [7]

Mezzy
1	28.899 [5]
2	29.276 [5]
3	30.18 [6]
4	28.374 [5]
5	27.436 [5]
6	27.2 [5]
7	27.835 [5]
8	27.345 [4]
9	27.226 [4]
10	27.197 [4]
11	26.878 [4]
12	27.067 [4]
13	27.119 [4]
14	26.947 [4]
15	26.884 [4]
16	26.877 [4]
17	26.858 [4]
18	26.958 [4]
19	26.909 [4]
20	26.869 [4]
21	28.003 [3]
22	27.086 [3]
23	26.699 [3]
24	26.866 [3]
25	26.673 [3]
26	26.687 [3]
27	26.94 [3]
28	26.691 [3]
29	26.801 [3]
30	26.735 [3]
31	26.643 [3]
32	26.851 [3]
33	26.868 [3]
34	27.798 [3]

Xander
1	29.677 [9]
2	28.269 [9]
3	29.541 [8]
4	28.598 [8]
5	28.913 [8]
6	28.5 [8]
7	28.449 [7]
8	27.51 [7]
9	27.479 [7]
10	27.586 [7]
11	27.49 [7]
12	27.392 [7]
13	27.732 [7]
14	27.337 [7]
15	27.045 [7]
16	27.42 [7]
17	27.226 [7]
18	27.175 [7]
19	26.981 [7]
20	27.085 [7]
21	27.084 [7]
22	26.794 [7]
23	27.348 [7]
24	27.125 [7]
25	27.136 [7]
26	26.965 [7]
27	27.011 [7]
28	26.895 [7]
29	27.142 [6]
30	26.852 [6]
31	27.071 [6]
32	26.882 [6]
33	26.918 [6]
34	26.932 [6]

Salt Shaker
1	29.64 [8]
2	28.582 [8]
3	31.533 [10]
4	28.024 [10]
5	28.397 [10]
6	28.752 [9]
7	28.911 [9]
8	29.097 [9]
9	27.938 [9]
10	29.281 [9]
11	27.667 [9]
12	27.886 [9]
13	27.784 [9]
14	27.924 [9]
15	27.87 [9]
16	27.912 [9]
17	27.851 [9]
18	28.127 [9]
19	28.117 [9]
20	27.944 [9]
21	28.069 [9]
22	28.199 [9]
23	27.647 [9]
24	27.754 [9]
25	28.409 [9]
26	28.085 [9]
27	28.681 [9]
28	27.93 [9]
29	28.133 [9]
30	27.912 [9]
31	29.311 [9]
32	27.776 [9]
33	28.181 [9]
34

Nicholas Xu
1	28.028 [2]
2	27.572 [2]
3	27.3 [2]
4	27.934 [2]
5	27.555 [2]
6	27.467 [2]
7	27.666 [2]
8	27.322 [2]
9	27.429 [2]
10	27.698 [2]
11	27.767 [2]
12	27.496 [2]
13	27.204 [2]
14	27.278 [2]
15	27.437 [2]
16	27.023 [2]
17	27.638 [2]
18	27.367 [2]
19	28.352 [3]
20	28.245 [3]
21	28.734 [4]
22	27.388 [4]
23	27.245 [4]
24	27.173 [4]
25	27.104 [4]
26	27.49 [4]
27	27.288 [4]
28	27.298 [4]
29	27.383 [4]
30	27.349 [4]
31	27.343 [4]
32	27.744 [4]
33	26.862 [4]
34	27.119 [4]

Cookie Monster
1	29.645 [10]
2	28.235 [10]
3	30.576 [9]
4	28.019 [9]
5	28.376 [9]
6	29.502 [10]
7	28.756 [10]
8	28.542 [8]
9	27.849 [8]
10	28.771 [8]
11	27.854 [8]
12	27.424 [8]
13	27.682 [8]
14	27.792 [8]
15	27.814 [8]
16	27.038 [8]
17	27.54 [8]
18	27.808 [8]
19	27.623 [8]
20	28.313 [8]
21	27.666 [8]
22	27.973 [8]
23	28.032 [8]
24	27.7 [8]
25	27.33 [8]
26	27.769 [8]
27	27.429 [8]
28	27.393 [8]
29	27.857 [8]
30	27.655 [8]
31	28.287 [8]
32	27.637 [8]
33	27.789 [8]
34
