
2015年MUGEN CUP越野車公開賽
Race Results for A Final: Round:5 1：8 油越
Position 	Car # 	Name 	Laps 	Time 	Fastest
Lap 	Average
Lap
1 	1 	小平 	133 	1h00m17.616 	25.461 	27.200
2 	3 	文一 	130 	1h00m21.658 	25.122 	27.859
3 	2 	NELSON WOO 	128 	1h00m15.419 	25.706 	28.245
4 	8 	李聰 	128 	1h00m15.581 	25.554 	28.247
5 	4 	TQ強 	127 	1h00m12.271 	26.088 	28.443
6 	7 	Carson Yeung 	125 	1h00m02.779 	26.392 	28.822
7 	5 	黃聖傑 	122 	57m52.429 	25.355 	28.463
8 	9 	劉聰 	121 	1h00m05.399 	25.801 	29.797
9 	10 	郭耀威 	120 	1h00m23.814 	26.037 	30.198
10 	6 	林樂樺 	92 	43m12.775 	26.146 	28.182

Race Laptimes Lap 	Car 1 	Car 2 	Car 3 	Car 4 	Car 5 	Car 6 	Car 7 	Car 8 	Car 9 	Car 10
1	14.644	15.835	15.407	16.872	28.713	20.207	25.800	17.701	18.844	20.632
2	26.547	26.653	26.568	26.111	32.257	27.416	27.302	26.762	29.534	42.335
3	27.302	27.540	26.783	27.912	26.841	26.704	31.788	28.044	26.288	30.068
4	26.095	26.478	26.715	27.547	26.619	26.278	28.948	28.454	31.386	26.683
5	26.199	27.221	26.289	26.089	26.339	27.325	28.299	27.758	27.264	33.228
6	25.574	28.549	26.043	26.489	27.961	27.356	27.595	26.848	27.086	26.801
7	26.298	28.820	27.663	26.631	25.907	26.600	27.289	26.921	26.248	32.471
8	26.000	27.026	26.119	27.277	25.390	28.147	26.392	26.918	27.087	27.046
9	25.560	26.292	26.896	26.869	26.624	26.877	28.640	26.832	27.084	26.117
10	26.019	26.132	26.339	26.525	25.948	26.417	28.017	26.289	26.945	30.320
11	25.594	26.415	25.788	26.792	25.899	26.583	27.879	25.554	26.815	27.059
12	25.770	26.526	26.146	27.023	26.662	26.657	27.722	26.632	26.640	29.433
13	27.044	26.815	27.898	26.902	25.696	26.548	27.577	26.483	27.915	37.696
14	26.416	26.073	26.538	26.452	25.355	26.337	28.376	27.524	27.635	28.222
15	26.013	26.381	26.239	34.953	25.854	34.093	27.603	26.133	81.669	26.834
16	26.491	26.928	26.034	26.869	26.359	26.926	27.789	34.139	26.930	26.279
17	26.356	26.306	26.436	36.162	34.469	26.712	27.008	26.680	27.363	28.639
18	32.207	26.650	27.157	26.965	26.566	26.634	35.317	26.995	26.576	26.211
19	25.803	55.600	27.145	33.176	26.244	27.973	26.918	27.698	34.241	26.853
20	26.311	28.690	25.986	26.544	26.560	26.255	37.020	26.391	29.929	26.479
21	26.688	26.869	36.143	26.726	26.887	29.023	29.485	26.459	26.661	27.091
22	25.776	25.706	26.340	27.233	26.184	26.638	26.940	41.734	26.373	28.929
23	28.043	27.165	27.155	27.321	26.494	26.354	27.985	27.790	26.453	29.408
24	26.254	27.023	26.633	27.134	31.327	26.420	32.382	27.108	26.084	28.647
25	26.684	26.536	30.965	26.785	25.418	26.350	27.583	26.599	26.644	29.243
26	25.925	30.090	27.768	26.719	25.712	26.536	26.920	26.526	32.824	27.948
27	25.499	26.293	27.087	26.711	25.814	32.743	27.654	26.176	28.837	35.874
28	26.220	27.922	26.920	36.780	25.409	37.037	27.284	27.434	32.869	27.146
29	25.545	28.211	26.568	34.527	26.048	27.137	26.837	26.396	31.954	27.715
30	26.190	25.997	26.019	32.293	27.643	27.616	30.926	35.395	27.418	28.017
31	26.413	26.125	29.796	26.355	77.410	27.125	27.052	27.561	25.801	26.899
32	25.461	27.540	26.084	26.814	27.482	26.748	28.193	26.862	27.469	28.093
33	26.987	26.313	27.149	26.274	26.335	26.819	27.047	27.057	27.835	26.649
34	26.218	27.768	26.480	26.340	27.770	26.928	27.535	27.510	30.247	27.161
35	31.705	26.445	26.639	26.182	26.113	26.750	34.855	25.768	27.413	30.289
36	26.321	27.335	26.089	36.041	25.686	26.967	28.171	28.684	30.388	27.152
37	27.496	27.886	27.305	27.470	27.710	28.486	27.368	27.747	27.901	26.037
38	26.310	26.767	25.454	28.647	32.590	26.693	27.465	27.694	26.847	27.963
39	26.303	31.892	32.530	28.598	27.486	32.565	27.578	27.838	27.335	30.030
40	26.373	26.329	36.455	28.695	26.686	26.481	28.802	26.828	29.909	27.321
41	29.265	26.739	27.052	27.602	27.971	26.304	34.369	27.121	33.901	33.930
42	25.543	26.261	26.549	26.239	26.140	26.690	27.458	26.107	28.170	27.695
43	25.956	29.363	28.170	37.852	27.437	26.901	28.622	27.358	34.818	27.964
44	26.124	26.028	27.167	26.637	28.451	26.399	30.768	34.988	34.348	31.449
45	28.604	26.812	27.737	26.439	27.518	26.634	27.614	26.188	26.387	29.443
46	26.580	28.668	29.022	26.088	35.810	27.688	27.724	27.704	34.412	27.226
47	26.063	27.959	26.424	29.207	26.734	26.911	28.610	29.646	26.659	26.421
48	27.096	28.310	25.997	28.012	26.526	27.227	28.707	26.546	26.789	29.862
49	26.688	25.976	25.872	27.694	36.618	26.473	28.358	26.259	26.747	28.693
50	27.452	27.105	25.246	27.114	26.620	26.522	29.875	27.318	26.820	26.859
51	32.990	27.204	26.394	26.986	26.398	28.859	35.412	27.378	35.629	27.372
52	26.890	26.361	25.949	28.450	26.363	26.907	27.544	26.259	35.139	27.900
53	25.653	26.593	26.564	26.577	27.906	26.965	31.844	25.861	34.218	28.212
54	26.585	27.228	27.296	35.882	26.039	31.782	28.128	29.634	36.277	27.496
55	25.652	42.931	26.762	26.419	26.068	45.300	31.871	27.150	27.887	42.708
56	26.630	26.348	27.648	27.301	31.527	26.798	26.860	26.302	26.596	27.484
57	28.468	27.008	26.122	33.092	27.413	26.215	28.020	26.809	26.906	28.868
58	27.109	26.716	27.529	38.829	28.035	27.343	27.333	34.050	27.599	27.455
59	29.421	33.167	33.204	26.593	33.025	26.736	27.653	28.339	27.648	33.184
60	25.820	32.559	26.346	32.656	27.343	26.253	28.534	28.503	26.296	26.977
61	25.985	26.337	25.302	26.729	26.330	27.580	27.784	26.380	26.847	28.066
62	26.256	27.428	36.840	34.761	26.743	26.635	29.513	26.060	34.352	27.553
63	25.753	27.119	32.825	28.585	35.768	33.991	28.355	27.019	27.408	27.273
64	26.780	26.090	26.209	26.397	27.943	27.227	28.875	27.290	26.546	27.076
65	28.116	25.835	25.408	26.651	27.201	33.833	29.408	26.124	41.945	29.722
66	33.521	33.574	26.672	27.233	28.257	26.540	27.484	29.319	29.276	30.242
67	27.185	27.189	26.810	26.270	26.892	32.558	35.383	30.111	29.053	27.027
68	26.213	26.990	25.846	26.330	26.688	28.684	27.978	28.133	27.494	37.507
69	26.928	28.368	27.630	27.119	26.642	27.016	27.463	28.288	29.594	34.537
70	27.381	27.326	29.731	26.704	26.823	26.390	27.510	28.771	28.559	29.541
71	27.361	28.461	27.305	26.299	26.012	27.049	28.534	27.448	28.360	29.021
72	26.495	26.790	26.145	26.994	27.225	27.141	26.922	33.968	26.616	27.236
73	26.338	26.312	25.604	34.845	36.195	26.616	27.779	26.103	26.369	34.460
74	26.166	29.126	27.022	26.428	29.000	26.263	26.889	30.402	26.127	26.613
75	25.979	28.670	27.687	26.256	27.222	26.492	31.199	26.450	31.734	37.366
76	26.477	26.305	28.849	26.421	27.794	26.679	27.003	27.279	26.021	27.142
77	27.042	27.275	32.484	26.851	26.512	26.848	28.376	26.519	35.176	43.960
78	26.849	31.959	32.101	26.947	27.261	26.787	28.091	26.663	42.578	28.235
79	25.929	27.208	27.057	26.360	27.071	26.463	29.134	56.556	32.572	29.712
80	27.463	26.921	26.611	26.520	40.183	27.487	29.528	28.336	29.389	32.228
81	34.848	30.532	26.126	27.023	26.848	26.979	28.477	28.234	26.862	27.274
82	27.203	27.331	25.722	28.988	26.680	38.370	27.435	27.465	29.038	35.395
83	26.419	31.525	28.234	26.664	26.489	26.990	27.669	26.249	31.475	29.815
84	27.197	26.894	26.816	27.777	28.174	27.301	33.391	27.501	26.736	28.352
85	28.426	26.273	26.441	35.124	27.186	26.146	27.097	34.374	30.273	27.700
86	27.155	26.759	26.590	26.943	25.994	26.606	27.068	34.697	28.964	35.045
87	26.564	29.102	25.534	26.839	33.520	26.983	27.255	27.196	27.480	29.172
88	26.152	26.840	25.568	29.223	26.759	26.796	27.591	27.097	34.929	27.480
89	26.280	27.734	26.898	34.527	26.299	27.050	28.522	27.290	28.077	36.011
90	44.730	30.987	27.304	28.710	27.410	27.674	27.959	27.523	26.670	28.312
91	29.986	28.329	26.025	26.986	35.943	31.912	29.438	26.802	34.111	30.212
92	27.474	27.873	26.474	30.656	27.940	61.321	28.224	27.307	27.215	34.985
93	33.886	33.025	33.111	27.831	28.207		35.456	32.560	26.813	28.024
94	26.400	27.628	26.211	26.719	26.713		28.301	27.902	31.420	26.836
95	31.977	27.231	25.529	26.544	27.409		27.358	27.209	27.760	34.728
96	26.814	26.412	30.683	32.361	28.270		27.008	27.812	35.294	27.859
97	26.476	33.663	32.439	26.584	27.064		27.891	27.005	36.018	28.099
98	26.515	26.461	41.739	26.294	25.764		27.101	28.751	27.455	32.134
99	26.015	27.759	25.247	27.042	26.133		28.498	33.303	26.634	27.129
100	27.761	26.712	26.242	29.447	25.993		28.447	29.799	28.274	29.265
101	26.393	35.816	26.183	29.621	34.729		33.864	26.728	26.421	34.538
102	27.578	27.590	25.122	26.592	27.062		27.725	28.939	26.539	33.238
103	27.572	34.161	26.334	27.263	27.479		28.163	26.416	33.552	28.451
104	30.761	27.638	27.728	39.099	32.126		27.912	27.081	27.451	26.636
105	26.305	33.720	29.133	29.368	26.511		27.172	27.265	35.460	27.668
106	26.374	27.244	27.597	27.045	26.862		29.406	26.890	26.458	41.942
107	26.532	27.352	27.074	37.745	32.433		29.124	29.076	40.729	26.701
108	26.861	37.514	33.298	27.313	28.088		27.555	26.405	26.774	35.323
109	26.879	29.972	36.723	34.566	27.907		35.791	36.075	32.406	33.401
110	32.481	27.902	28.477	27.160	28.580		27.000	27.987	32.656	39.183
111	26.439	34.306	28.159	29.496	31.719		27.914	27.733	32.153	26.827
112	26.946	26.493	34.478	28.051	26.838		36.964	26.382	26.837	34.669
113	25.994	27.382	41.026	26.793	26.639		27.405	32.524	27.188	29.399
114	26.487	33.430	35.100	30.655	26.071		26.590	26.755	30.085	69.545
115	26.337	27.522	26.690	27.485	35.511		36.456	27.180	28.566	27.728
116	26.210	26.594	27.210	27.241	26.942		27.172	27.229	35.661	27.044
117	26.901	32.486	26.479	27.179	29.448		27.094	26.228	35.291	31.086
118	26.466	27.760	25.462	32.382	27.556		33.113	32.648	26.909	27.374
119	26.037	27.888	32.372	27.289	30.545		28.599	31.600	27.903	41.120
120	27.793	27.587	26.303	27.607	27.459		27.479	28.507	27.153	29.381
121	26.182	26.876	29.444	26.715	32.059		27.289	27.529	27.706	
122	27.215	26.246	35.563	27.411	26.899		27.466	26.776		
123	27.321	27.435	25.934	27.172			29.141	27.238		
124	33.384	28.688	27.142	27.293			27.258	27.384		
125	27.847	27.105	26.568	26.815			29.088	27.298		
126	27.417	26.009	26.253	28.186				26.318		
127	26.222	27.505	27.531	26.273				32.862		
128	28.644	28.367	27.117					25.791		
129	27.306		26.976							
130	27.601		26.293							
131	27.621									
132	27.231									
133	26.541									

Results generated by LAPS FREE - www.rctiming.com 